Oradea: 0.0
Zerind: 0.01969387755102041
Arad: 0.19765060240963855
Timisoara: 0.05078947368421052
Lugoj: 0.04020833333333334
Mehadia: 0.08391304347826087
Drobeta: 0.13785714285714284
Craiova: 0.20469696969696968
Sibiu: 0.3569178082191781
Rimnicu_Vilcea: 0.3752777777777778
Fagaras: 0.0
Pitesti: 0.6433333333333334
Giurgiu: 0.0
Bucharest: 0.7895454545454547
Urziceni: 0.5914516129032258
Eforie: 0.0
Hirsova: 0.09543956043956044
Vaslui: 0.19765060240963855
Iasi: 0.09543956043956044
Neamt: 0.0
