Oradea: 0.24551927326295114
Zerind: 0.2313208420078649
Arad: 0.26860059092130006
Timisoara: 0.2284669865204478
Lugoj: 0.2282844424152494
Mehadia: 0.2408187838651415
Drobeta: 0.2603488674824264
Craiova: 0.3093102381688834
Sibiu: 0.31821797931583135
Rimnicu_Vilcea: 0.34680076296167855
Fagaras: 0.2967799376762131
Pitesti: 0.36094567767550984
Giurgiu: 0.27030679821597514
Bucharest: 0.3460806367883717
Urziceni: 0.3096454559529339
Eforie: 0.20887728459530025
Hirsova: 0.24915908807773765
Vaslui: 0.23677045104770925
Iasi: 0.20163322915616494
Neamt: 0.174140182847192
