Oradea: 0.10526315789473684
Zerind: 0.10526315789473684
Arad: 0.15789473684210525
Timisoara: 0.10526315789473684
Lugoj: 0.10526315789473684
Mehadia: 0.10526315789473684
Drobeta: 0.10526315789473684
Craiova: 0.15789473684210525
Sibiu: 0.21052631578947367
Rimnicu_Vilcea: 0.15789473684210525
Fagaras: 0.10526315789473684
Pitesti: 0.15789473684210525
Giurgiu: 0.05263157894736842
Bucharest: 0.21052631578947367
Urziceni: 0.15789473684210525
Eforie: 0.05263157894736842
Hirsova: 0.10526315789473684
Vaslui: 0.10526315789473684
Iasi: 0.10526315789473684
Neamt: 0.05263157894736842
