Oradea: 0.21055447586901146
Zerind: 0.09685384887367443
Arad: 0.23168718702171712
Timisoara: 0.09562903151505257
Lugoj: 0.04124346063442386
Mehadia: 0.0450082933671174
Drobeta: 0.1617988006531888
Craiova: 0.4218857438429952
Sibiu: 0.41985407381217754
Rimnicu_Vilcea: 0.41365126794512624
Fagaras: 0.43240722967366035
Pitesti: 0.4420253441662707
Giurgiu: 0.13131889220008422
Bucharest: 0.48698830723417524
Urziceni: 0.17453955317959852
Eforie: 0.014144484224855034
Hirsova: 0.05489369907777792
Vaslui: 0.08084980111171357
Iasi: 0.02391070504008019
Neamt: 0.006232722653182447
