Oradea: 0.21753014378027008
Zerind: 0.21543465850975843
Arad: 0.23902357204953087
Timisoara: 0.21493428269313933
Lugoj: 0.21252638561342735
Mehadia: 0.21253670417209475
Drobeta: 0.2150477868386397
Craiova: 0.2401482949463839
Sibiu: 0.2620739100256848
Rimnicu_Vilcea: 0.24442339705421873
Fagaras: 0.22196911810834358
Pitesti: 0.2442188963056646
Giurgiu: 0.1957617271059682
Bucharest: 0.25982440179139976
Urziceni: 0.23850140712876908
Eforie: 0.19105275726357276
Hirsova: 0.2127347033661295
Vaslui: 0.21466209686258925
Iasi: 0.21032669222819253
Neamt: 0.19081195614979904
