Oradea: 0.04160308188628339
Zerind: 0.04160655866646679
Arad: 0.06030853823283484
Timisoara: 0.04337065934995684
Lugoj: 0.04543479548336312
Mehadia: 0.04472931461168319
Drobeta: 0.043139951416375825
Craiova: 0.05736457912700107
Sibiu: 0.07440602462507534
Rimnicu_Vilcea: 0.05599653468891833
Fagaras: 0.04110920577404339
Pitesti: 0.057165322771748725
Giurgiu: 0.025010852128605182
Bucharest: 0.0805771846578347
Urziceni: 0.06907861269431102
Eforie: 0.030042617385799296
Hirsova: 0.051729050585617525
Vaslui: 0.05063609195940754
Iasi: 0.05531450593437927
Neamt: 0.03137651802029457
